000000008532
000000061471
000000052591
000000386912
000000400082
000000562207
000000130613
000000045550
000000244833
000000464476
000000322574
000000481413
000000420840
000000346232
000000122046
000000322610
000000525155
000000496571
000000497599
000000105264
000000566282
000000309391
000000181303
000000366141
000000373382
000000080671
000000008844
000000104424
000000536947
000000038678
000000416330
000000231747
000000358923
000000209757
000000079651
000000458768
000000567197
000000040036
000000404922
000000002685
000000300276
000000099428
000000064462
000000157365
000000025096
000000190648
000000334417
000000223959
000000292330
000000367195
000000321790
000000003156
000000549930
000000339442
000000150638
000000521405
000000082765
000000047121
000000465180
000000241319
000000535523
000000566923
000000292446
000000376112
000000156643
000000202445
000000468332
000000548339
000000329219
000000493334
000000439623
000000071711
000000170278
000000259597
000000138241
000000097994
000000197796
000000444142
000000030785
000000468925
000000322429
000000465836
000000091779
000000415238
000000455301
000000197870
000000510329
000000466602
000000138954
000000415741
000000531707
000000562561
000000080340
000000001503
000000053529
000000313130
000000559547
000000334555
000000123321
000000295809
000000304180
000000534041
000000314264
000000547854
000000578792
000000463690
000000224337
000000066231
000000479155
000000214192
000000344795
000000189213
000000410456
000000191580
000000357888
000000191672
000000521141
000000329455
000000018770
000000568981
000000456015
000000559842
000000495732
000000368335
000000242946
000000089045
000000036844
000000296222
000000331352
000000311394
000000326082
000000082085
000000121031
000000512836
000000448256
000000274066
000000482917
000000014007
000000086220
000000201775
000000094326
000000019924
000000290248
000000322959
000000132116
000000479912
000000068628
000000280918
000000414034
000000366225
000000512657
000000236166
000000495054
000000407083
000000476119
000000474095
000000241326
000000442323
000000410650
000000152120
000000505573
000000109313
000000413395
000000451879
000000258883
000000166426
000000199681
000000415727
000000430056
000000353051
000000431140
000000068093
000000142585
000000012670
000000022479
000000232563
000000203629
000000570782
000000514797
000000078420
000000199442
000000100723
000000343076
000000361730
000000078170
000000455937
000000253819
000000031296
000000369675
000000116362
000000233238
000000078748
000000545826
000000554579
000000404249
000000369323
000000405691
000000205401
000000291664
000000011813
000000537270
000000576052
000000157601
000000365766
000000508370
000000203389
000000055528
000000519569
000000196754
000000410880
000000182441
000000308799
000000123213
000000267169
000000415194
000000154644
000000142620
000000343149
000000117492
000000278705
000000425390
000000230993
000000157807
000000405306
000000570539
000000310200
000000210299
000000363840
000000375469
000000066706
000000489611
000000580294
000000172935
000000508101
000000308545
000000529939
000000332570
000000553990
000000092416
000000562243
000000185250
000000245311
000000054931
000000509735
000000357816
000000520009
000000072813
000000449190
000000483667
000000022705
000000439715
000000237517
000000121506
000000529568
000000412362
000000022192
000000482319
000000262895
000000056350
000000352900
000000021167
000000199236
000000558421
000000478721
000000513567
000000573258
000000351810
000000103723
000000223188
000000523241
000000147415
000000340451
000000213935
000000578871
000000260261
000000276284
000000326248
000000504415
000000200839
000000425906
000000256192
000000331604
000000391722
000000478136
000000346968
000000074860
000000254016
000000014439
000000226171
000000288862
000000545007
000000472623
000000172571
000000476514
000000000802
000000044279
000000022371
000000166768
000000266768
000000059635
000000445658
000000471893
000000110784
000000086956
000000167572
000000389109
000000491867
000000173799
000000433515
000000489305
000000454067
000000549220
000000433204
000000305609
000000005001
000000015254
000000318238
000000433980
000000255664
000000172595
000000109900
000000388846
000000401991
000000562059
000000170893
000000450559
000000105912
000000026465
000000341469
000000173008
000000196009
000000345252
000000032570
000000091500
000000452891
000000117525
000000017029
000000146457
000000571718
000000481567
000000090891
000000246436
000000147740
000000369037
000000525247
000000177714
000000393014
000000430961
000000460841
000000343466
000000493864
000000382125
000000368752
000000137106
000000349152
000000013291
000000017959
000000550714
000000429598
000000466156
000000371529
000000221693
000000215259
000000194724
000000120777
000000486438
000000394199
000000309938
000000526728
000000292456
000000494634
000000179285
000000043314
000000391375
000000182202
000000166918
000000048396
000000140286
000000166287
000000370208
000000473406
000000187055
000000122672
000000473869
000000441586
000000344100
000000427655
000000177065
000000029397
000000284743
000000125129
000000219578
000000222455
000000328601
000000289415
000000013659
000000455157
000000434996
000000571857
000000183716
000000192964
000000316015
000000551350
000000210230
000000078404
000000254368
000000153527
000000479448
000000323355
000000080273
000000361238
000000381971
000000261706
000000271116
000000033114
000000491213
000000497344
000000533536
000000534827
000000076547
000000074256
000000365387
000000038048
000000281929
000000231831
000000096493
000000222235
000000137246
000000250901
000000488166
000000325347
000000460229
000000198641
000000135410
000000433103
000000393093
000000309467
000000543047
000000561958
000000534270
000000526392
000000515077
000000389381
000000013729
000000559956
000000117744
000000274411
000000117719
000000092177
000000181796
000000032901
000000362434
000000549055
000000521509
000000193926
000000169169
000000097679
000000257370
000000009378
000000097924
000000276055
000000575970
000000332845
000000551815
000000503755
000000343706
000000099182
000000482275
000000088848
000000027972
000000556193
000000177934
000000177489
000000569825
000000100510
000000517832
000000453841
000000094336
000000289222
000000163951
000000416451
000000005193
000000150265
000000511599
000000189752
000000018150
000000460333
000000141671
000000320554
000000429011
000000232649
000000155145
000000512403
000000261097
000000189436
000000275749
000000303305
000000210030
000000491090
000000206027
